64 32768 0.07421875 PP4 CP3 256QAM 2200 1024 3.0 0.0 0.0 21.84644235506549 51.891550148626976 40.96174880614555 49.05500482160947 34.36491196733237 53.030293145330305 41.69889081586713 49.94304499416225 39.0210375463628 41.19551297534568 41.81591849248484 52.37034766179952
64 32768 0.07421875 PP4 CP3 256QAM 2200 1024 3.0 5.0 0.0 21.92197512013245 51.76551775332291 40.5313208490238 48.83208611494297 34.88609656507716 52.842885871754575 42.53938497188849 49.94297119390127 40.23152485535903 41.19529192890917 42.69532675657007 52.3701767027807
64 32768 0.07421875 PP4 CP3 256QAM 2200 1024 3.0 10.0 0.0 21.8937858942842 51.39321836162955 40.91535887610589 48.20036716167106 34.89346170113956 52.3037962594904 41.97788472719611 49.94274979161341 39.89903178259213 41.19462883005588 42.49662828774821 52.369663845184455
64 32768 0.07421875 PP4 CP3 256QAM 2200 1024 3.0 15.0 0.0 21.907251408738794 50.78951141562784 41.72335117765239 47.246070808214675 34.84028262352589 51.46909204235715 41.23401759308698 49.94238078278372 39.22368371389123 41.193523800120474 41.52099807306696 52.36880914737931
64 32768 0.07421875 PP4 CP3 256QAM 2200 1024 3.0 20.0 0.0 21.859636969685003 49.97208295332132 40.88588782408355 46.057487739189654 34.245874873379655 50.40028028309412 41.77040778616416 49.941864159886805 40.124071051661076 41.191977041214216 41.55239604365999 52.36761270660562
64 32768 0.07421875 PP4 CP3 256QAM 2200 1024 3.0 25.0 0.0 21.85876706487488 48.95430696463926 41.023226280572096 44.694910530219076 34.642870158031826 49.14285028425145 42.856959282471635 49.94119991238609 40.473302049393126 41.189988836055385 42.89531605491256 52.3660746589148
64 32768 0.07421875 PP4 CP3 256QAM 2200 1024 3.0 30.0 0.0 21.86248330795946 47.73910179513876 40.50680289811843 43.183681803180164 34.49409613536797 47.71733042943399 41.73039317686645 49.94038802673279 39.81612614411289 41.18755954773222 42.19378744689561 52.36419517908439
64 32768 0.07421875 PP4 CP3 256QAM 2200 1024 3.0 35.0 0.0 21.88226734454224 46.31369555296817 39.44631928123629 41.517128586820455 34.44725458571321 46.1175672990757 40.98821977557983 49.93942848636461 38.538824780627294 41.18468961939891 40.81569553290096 52.361974480509076
64 32768 0.07421875 PP4 CP3 256QAM 2200 1024 3.0 40.0 0.0 21.909055022977782 44.64339857691347 37.887811303600515 39.65820607315233 34.2990719552155 44.30903620936947 42.09430389942008 49.93832127170411 39.21833682673655 41.181379573904934 41.92928848402453 52.35941281506757
64 32768 0.07421875 PP4 CP3 256QAM 2200 1024 3.0 45.0 0.0 21.969058743336056 42.66045132728722 35.41093303030992 37.53334965266126 33.87412984477203 42.221036950696416 41.48941859488659 49.93706636015684 39.065944966615014 41.17763001335859 41.985825781140974 52.35651047296592
64 32768 0.07421875 PP4 CP3 256QAM 2200 1024 3.0 50.0 0.0 21.791714234762875 40.239006043289685 32.309193047075766 35.01001275266699 33.644208208504324 39.72360460616979 42.598600580360014 49.935663726109084 37.943962492063555 41.1734416186253 42.193381359214584 52.35326778255698
64 32768 0.07421875 PP4 CP3 256QAM 2200 1024 3.0 55.0 0.0 21.38777581354127 37.12900085871973 28.817168878407216 31.831608729198084 32.22698730268681 36.56230208096058 41.611792842480085 49.93411334092546 39.70176621227348 41.16881514876154 40.96457422343128 52.349685110136534
64 32768 0.07421875 PP4 CP3 256QAM 2200 1024 3.0 60.0 0.0 21.470705637710637 32.73262644319082 24.78896835863725 27.394340239460945 29.76445113408679 32.13502641117691 41.33893190708523 49.93241517294602 38.588419845489426 41.1637514403854 41.742190854055934 52.34576285971629
64 32768 0.07421875 PP4 CP3 256QAM 2200 1024 3.0 65.0 0.0 19.86753547156401 24.839131578610033 17.358145491077323 19.48323956555295 22.090738171876932 24.226948391876753 41.85452207080311 49.93056918748327 38.254516663325205 41.15825140698468 42.046726811142676 52.341501472773864
64 32768 0.07421875 PP4 CP3 256QAM 2200 1024 3.0 70.0 0.0 12.62464292843535 14.69443280704262 7.53134275519762 9.356499471810888 11.867411820716816 14.081017327577003 42.012001178350715 49.92857534681875 39.6493326970798 41.15231603816389 42.4464048821595 52.336901427980244
64 32768 0.07421875 PP4 CP3 256QAM 2200 1024 3.0 75.0 0.0 20.233727314492658 27.962881203809697 20.446692366686158 22.609792623709136 24.141115165156325 27.353622670218275 42.37432472825273 49.92643361019934 36.985438124085974 41.145946398831 42.46876940006651 52.33196324090479
64 32768 0.07421875 PP4 CP3 256QAM 2200 1024 3.0 80.0 0.0 21.449594969113956 32.2597945783808 24.398229018446123 26.919141475488143 28.993766146400354 31.660383683348336 42.18222948072097 49.924143933833335 39.6000441652123 41.13914362832578 42.376476858791406 52.32668746369843
64 32768 0.07421875 PP4 CP3 256QAM 2200 1024 3.0 85.0 0.0 21.712483089302882 34.52131639302539 27.15348081133763 29.194829068265207 31.349832058388127 33.9326791037345 42.19147350062243 49.921706270886126 39.663344772029 41.13190893949063 41.72050605691414 52.32107468475508
64 32768 0.07421875 PP4 CP3 256QAM 2200 1024 3.0 90.0 0.0 21.422259147909564 35.77539743370639 28.24489713399715 30.460706108519524 31.958879118837757 35.19567058167642 40.62124780079864 49.919120571475695 38.87867577960455 41.12424361768568 41.72017456049904 52.31512552835199
64 32768 0.07421875 PP4 CP3 256QAM 2200 1024 3.0 95.0 0.0 20.781263529292282 36.3690829847858 28.1179817704928 31.061308645398114 30.347638836202577 35.79456952632438 41.60151242564197 49.91638678266767 39.91972498197602 41.1161490197498 41.602444090405584 52.30884065426916
64 32768 0.07421875 PP4 CP3 256QAM 2200 1024 3.0 100.0 0.0 21.77562000222092 36.44913958611798 29.09445689446393 31.142373860131634 32.66072944344265 35.87538581140685 41.46816321322351 49.91350484847021 40.418973461350305 41.107626572908785 41.89191103015524 52.30222075738838
64 32768 0.07421875 PP4 CP3 256QAM 2200 1024 3.0 0.0 0.0 22.008302975289347 51.891550148626976 41.575166169116144 49.05500482160947 34.998783081853915 53.030293145330305 41.29655304802804 49.94304499416225 40.01196788756994 41.19551297534568 41.83625545964623 52.37034766179952
64 32768 0.07421875 PP4 CP3 256QAM 2200 1024 3.0 0.0 45.0 21.943979865086266 51.891550148626976 41.6175341491131 49.05500482160947 34.851570677158826 53.030293145330305 41.24682864726678 49.55269996958877 38.186940398575864 40.440150683520756 41.51624806820291 51.73573898189626
64 32768 0.07421875 PP4 CP3 256QAM 2200 1024 3.0 0.0 90.0 21.9803372907542 51.891550148626976 41.14798688864619 49.05500482160947 34.988797062972154 53.030293145330305 42.14033825947937 49.14398397056633 37.824978916436976 39.694733326088546 42.13168739356284 51.09576916626979
64 32768 0.07421875 PP4 CP3 256QAM 2200 1024 3.0 0.0 135.0 21.925569722354904 51.891550148626976 41.76181369894715 49.05500482160947 34.7973507372159 53.030293145330305 41.27725483557861 48.715082026444215 37.1684639738429 38.953367647299736 41.60417755859079 50.447307199556164
64 32768 0.07421875 PP4 CP3 256QAM 2200 1024 3.0 0.0 180.0 21.952740155517454 51.891550148626976 40.87720646098803 49.05500482160947 34.82754131496338 53.030293145330305 41.162774328413605 48.26389615991046 35.69704021682139 38.210699705804444 40.83863179478505 49.78712917528246
64 32768 0.07421875 PP4 CP3 256QAM 2200 1024 3.0 0.0 225.0 21.963377241749903 51.891550148626976 41.228753806321805 49.05500482160947 34.98821617928417 53.030293145330305 42.19154670039807 47.78798330704137 34.65467764501797 37.46164561580958 41.054065731337694 49.11182127370701
64 32768 0.07421875 PP4 CP3 256QAM 2200 1024 3.0 0.0 270.0 21.929193361754102 51.891550148626976 40.84999262570841 49.05500482160947 34.90380882286913 53.030293145330305 40.63768545025815 47.28447522246749 32.649642412002684 36.701165690398895 41.08122031690846 48.41767240125126
64 32768 0.07421875 PP4 CP3 256QAM 2200 1024 3.0 0.0 315.0 21.95115777470027 51.891550148626976 41.9953410036209 49.05500482160947 35.049264928593374 53.030293145330305 41.565415690454515 46.74997370779834 34.26849635152316 35.924054703931205 41.14210888299884 47.70054789091063
64 32768 0.07421875 PP4 CP3 256QAM 2200 1024 3.0 0.0 360.0 21.99116798995304 51.891550148626976 41.35838578497374 49.05500482160947 35.07985803356946 53.030293145330305 41.57706826193948 46.180411437458126 32.73285754342803 35.124725583434994 40.74378900575374 46.95573314735513
64 32768 0.07421875 PP4 CP3 256QAM 2200 1024 3.0 0.0 405.0 21.84056066040852 51.891550148626976 41.83066466724469 49.05500482160947 34.5324225129982 53.030293145330305 40.25406142401969 45.570863867592465 32.458573298207746 34.2969636251125 39.70738993411181 46.17773170993196
64 32768 0.07421875 PP4 CP3 256QAM 2200 1024 3.0 0.0 450.0 21.912527054074275 51.891550148626976 40.4222417738847 49.05500482160947 34.801881599567935 53.030293145330305 40.524703183241954 44.91529002560637 31.537675064318094 33.433623468948916 39.208277569830884 45.35999478369324
64 32768 0.07421875 PP4 CP3 256QAM 2200 1024 3.0 0.0 495.0 21.969004217422253 51.891550148626976 41.533206681352375 49.05500482160947 34.91014907976044 53.030293145330305 36.50999926288428 44.20616725196047 30.577156689538217 32.52623013879633 36.46718735396052 44.49454675137126
64 32768 0.07421875 PP4 CP3 256QAM 2200 1024 3.0 0.0 540.0 21.988763153297516 51.891550148626976 41.783806028907414 49.05500482160947 34.84181872096421 53.030293145330305 33.95123663377837 43.43396315430386 29.278567556048213 31.564424832253618 33.40556694563946 43.57144950412654
64 32768 0.07421875 PP4 CP3 256QAM 2200 1024 3.0 0.0 585.0 21.88579251371237 51.891550148626976 41.82746170556858 49.05500482160947 34.764078787049115 53.030293145330305 31.28497411004995 42.58634911809122 28.86154744270593 30.53515805702535 30.57460564645464 42.57800961322195
64 32768 0.07421875 PP4 CP3 256QAM 2200 1024 3.0 0.0 630.0 21.933586234745714 51.891550148626976 41.43080985234764 49.05500482160947 34.6883877914634 53.030293145330305 29.001675707559706 41.64698695192315 26.63669940790352 29.421460592240436 28.63421983065699 41.49755967417532
64 32768 0.07421875 PP4 CP3 256QAM 2200 1024 3.0 0.0 675.0 21.982544938323826 51.891550148626976 41.88345526120102 49.05500482160947 34.93117365904117 53.030293145330305 26.475324799627522 40.59357642061489 24.17567399410286 28.200479583753335 26.02134597294908 40.307501388826935
64 32768 0.07421875 PP4 CP3 256QAM 2200 1024 3.0 0.0 720.0 21.908459885833476 51.891550148626976 41.962463697940294 49.05500482160947 34.670191661931945 53.030293145330305 24.211162379809256 39.39454747535825 22.37695624760537 26.840164153171997 23.67418784414263 38.975994059303446
64 32768 0.07421875 PP4 CP3 256QAM 2200 1024 3.0 0.0 765.0 21.91022243318628 51.891550148626976 41.9955421235888 49.05500482160947 34.69080817572975 53.030293145330305 21.601319052486364 38.003083486095235 20.522292244277367 25.293289766176443 21.484998917858775 37.45597472608709
64 32768 0.07421875 PP4 CP3 256QAM 2200 1024 3.0 0.0 810.0 21.90351455077609 51.891550148626976 41.70225549525899 49.05500482160947 34.769877309364134 53.030293145330305 19.291629543739475 36.3453846965242 19.39647907401959 23.4857408832808 19.113870316457305 35.673419224648015
64 32768 0.07421875 PP4 CP3 256QAM 2200 1024 3.0 0.0 855.0 21.905785716388632 51.891550148626976 41.569454969257855 49.05500482160947 34.89530401470974 53.030293145330305 16.894529589730404 34.29488330691103 14.436945435042075 21.29080242661626 16.468115383169295 33.50155605029354
64 32768 0.07421875 PP4 CP3 256QAM 2200 1024 3.0 0.0 900.0 21.87869717501673 51.891550148626976 39.94645323287595 49.05500482160947 34.6081756496802 53.030293145330305 13.08243652729689 31.605674023388175 12.425389760670917 18.46291191588856 12.956889468043427 30.69429952415287
