1115 2048 0 PP0 CP0 256QAM 2230 1024 -10.0 0.0 0.0 40.75584013815623 41.59399761386945 36.501670878718656 36.40045139207943 40.68351867195375 41.60663342196581 41.78965674303113 41.348439727201296 29.63494625266931 28.250873141144584 41.66061512327243 41.4068589162966
1115 2048 0 PP0 CP0 256QAM 2230 1024 -8.5 0.0 0.0 43.29094933611924 43.026392016067874 37.839971785200866 37.900432300873945 43.337957569583956 43.050066420578815 42.68853250254076 42.688538831596034 32.07582510555551 29.750748461241308 42.5732837155434 42.791279971235916
1115 2048 0 PP0 CP0 256QAM 2230 1024 -7.0 0.0 0.0 44.2064872652586 44.43265855121956 39.87203353782316 39.400418785284764 44.00815704112822 44.47614063869405 44.43686930675124 43.972259595552046 33.91134617449709 31.250660192465357 44.515944952128415 44.14754841630738
1115 2048 0 PP0 CP0 256QAM 2230 1024 -5.5 0.0 0.0 45.75954409103786 45.80361398931608 41.46326185007992 40.900409216954955 45.87552753591757 45.88156853648958 45.18647730216738 45.184021894430906 33.97408721081794 32.7505977018729 45.56675388830516 45.473183605131794
1115 2048 0 PP0 CP0 256QAM 2230 1024 -4.0 0.0 0.0 47.18725155639731 47.12763114464845 42.97046719788276 42.40040244308345 47.42821151212749 47.2634762858656 46.16285932041126 46.30694770636113 35.89619983124298 34.25055346137779 46.75915663757167 46.76695986389622
1115 2048 0 PP0 CP0 256QAM 2230 1024 -2.5 0.0 0.0 47.974789304767675 48.39060643119576 42.74754494305164 43.900397647543286 48.547214206459685 48.619834310207125 47.717374423221 47.324591738672595 38.59094145901622 35.75052214123332 47.83562763861869 48.02909906867957
1115 2048 0 PP0 CP0 256QAM 2230 1024 -1.0 0.0 0.0 50.15689649084736 49.57641736714538 44.0869656587205 45.400394252557646 50.60137782818699 49.949810185824006 48.7310620894518 48.22333104405676 39.5966189528146 37.250499968132516 49.486968551721404 49.26125887733604
1115 2048 0 PP0 CP0 256QAM 2230 1024 0.5 0.0 0.0 50.46653660604285 50.668098103822686 47.18488404672226 46.90039184909027 51.45256202705494 51.25394562791402 49.44732814013638 48.994857690647294 39.334827971465046 38.750484270710835 50.65662855333635 50.46633912003216
1115 2048 0 PP0 CP0 256QAM 2230 1024 2.0 0.0 0.0 50.98320158307722 51.649809721332474 48.788256414277065 48.40039014756486 52.901195591828916 52.53411449789972 49.544296083968916 49.637922732243105 43.185237374798994 40.25047315775303 52.098591536382195 51.64816986352494
1115 2048 0 PP0 CP0 256QAM 2230 1024 3.5 0.0 0.0 52.950406701948516 52.509341316628536 50.27892908813969 49.90038894297673 54.01955097851395 53.79328744933608 50.31605662627196 50.158612851185616 44.93418149048346 41.75046529036421 52.29645757592613 52.81115555937581
1115 2048 0 PP0 CP0 256QAM 2230 1024 5.0 0.0 0.0 53.28553447802854 53.24046439308694 51.59155410390116 51.40038809019344 55.24511432874625 55.03517790798896 50.406833764101286 50.56903768095304 45.36853608748422 43.25045972067084 54.684778922881485 53.959936344261585
1115 2048 0 PP0 CP0 256QAM 2230 1024 6.5 0.0 0.0 53.41829935708095 53.84427421107865 52.25771819808432 52.90038748646899 56.53090460494484 56.263857897337566 50.754160399937916 50.88498759175942 46.65526312167298 44.75045577762558 55.423443525328516 55.0991038053655
1115 2048 0 PP0 CP0 256QAM 2230 1024 8.0 0.0 0.0 54.2853616386146 54.32894708863206 54.30744660517955 54.40038705906477 56.95721918314092 57.48341556682572 51.75308577267944 51.12342752018325 48.356231463671364 46.25045298616115 56.265023029718655 56.23298607759301
1115 2048 0 PP0 CP0 256QAM 2230 1024 9.5 0.0 0.0 54.59209759190895 54.70802070387578 55.65988200393331 55.90038675648572 58.79079293266752 58.69769714102652 52.183500737619184 51.300511660102366 49.67610251216473 47.75045100995459 58.06711295748947 57.3655015736535
1115 2048 0 PP0 CP0 256QAM 2230 1024 11.0 0.0 0.0 55.502080213621376 54.99790777155404 57.26368246451077 57.40038654227615 60.1051045649953 59.91015820931526 51.92208943015075 51.430391511378126 52.86825010975356 49.25044961090694 58.9342377672547 58.50007241710248
1115 2048 0 PP0 CP0 256QAM 2230 1024 12.5 0.0 0.0 55.17713780909876 55.215497242838964 58.3607788317061 58.90038639062738 61.257269830056615 61.12386390696845 51.45923367565061 51.52474568980026 54.107382982813014 50.75044862045679 60.06122328536393 59.63958577456975
1115 2048 0 PP0 CP0 256QAM 2230 1024 14.0 0.0 0.0 55.39328875440937 55.37640739566215 60.181954283372924 60.400386283268276 61.79945357236585 62.3417101061962 52.74455236343228 51.592804743111245 54.96934486949535 52.250447919271636 61.37375650829075 60.78639143738457
1115 2048 0 PP0 CP0 256QAM 2230 1024 15.5 0.0 0.0 55.42705696262543 55.49403847439226 62.03684557192035 61.90038620726384 63.26343779518588 63.566896474976005 51.44856172278168 51.641639921299394 56.88336236142777 53.750447422870494 62.52632380370768 61.94232545109779
1115 2048 0 PP0 CP0 256QAM 2230 1024 17.0 0.0 0.0 56.129793923120424 55.57928412376136 63.16944643279287 63.40038615345683 65.25667246413335 64.80347479547012 52.637531712212834 51.676547605838834 57.78915450905153 55.250447071445365 63.85567354617467 63.10875134884975
1115 2048 0 PP0 CP0 256QAM 2230 1024 18.5 0.0 0.0 56.082102890373164 55.64066127450249 65.2674160162147 64.90038611536437 66.5950724638993 66.0565434970867 52.40713906365273 51.701431089366146 59.14411374728813 56.750446822655405 64.93933252532956 64.28661218562839
1115 2048 0 PP0 CP0 256QAM 2230 1024 20.0 0.0 0.0 56.28297262874795 55.68464342384907 66.25609852760152 66.40038608839698 67.64621934166279 67.33170189485732 51.12402417942448 51.71913384138424 60.86643289504147 58.250446646525596 66.03152809586433 65.476487984715
